min_distance: 2
mode: rel
threshold_abs: 0.24880956937646476
threshold_rel: 0.22428470018252958
